77.22111790463588 28.30708285173887
77.27320692404528 28.323491404838258
77.2473047914732 28.308015173287824
77.13580832188794 28.378631865109877
77.21963252253335 28.47930647992737
77.0938620368457 28.782912188415857
77.30214534539176 28.653863694040464
77.27673022939078 28.817090019025255
77.10249078683772 28.083271631516617
76.9402417960632 28.91236074557086
76.90018022773053 28.119529526749293
77.31808549846973 28.84148518161489
76.83246043931591 28.660266139765156
77.20467520935331 28.186601911764917
77.07174289360421 28.93273317945932
76.9153008329372 28.05646603636318
77.02410571651973 28.822801073984547
77.30460976981328 28.766738108911568
77.14441051319797 28.184592362185626
76.98707046981038 28.513150225955663
77.14725545900718 28.321082615529345
77.01217074252894 28.41180597746789
77.12815053358189 28.928314187795074
76.87228451480985 28.10130193981464
77.06175992277069 28.407406118028437
77.0422428072755 28.20612274760085
77.12859420118605 28.672684050443518
77.03155511300764 28.751617674974625
77.26252356363524 28.13713195105638
76.89137140898329 28.5122595693496
77.14280226585718 28.270940475258868
76.90915212086244 28.936050099036027
77.28823656696541 28.860660158346786
77.08344884286618 28.329927944233027
77.17862694618972 28.082765868943895
77.06467332111056 28.78069262454225
77.18866900628255 28.002110380429638
76.95732616764433 28.790378455977155
76.91964747372111 28.958826873839556
77.09353902413791 28.80893409466234
77.05763259217366 28.68028061150172
76.98126910449415 28.809508827756524
77.21194298909302 28.926508755784596
77.25050869066473 28.078929766191706
77.22889976894646 28.676560417318775
77.14513234736317 28.94056940342864
77.02092252892575 28.681830291529604
77.17469175043513 28.9603934527243
77.00804714017299 28.918941938231864
77.21372756523826 28.682099731969632
77.24139820863286 28.44402308223159
77.20279934421703 28.62175045965333
77.1846610972572 28.811570467408806
77.18624164591806 28.595381226982727
77.25220504890214 28.84449153792197
76.84083431978996 28.93511099099235
77.20846309432542 28.620731026713692
76.87500262342851 28.26123954103691
77.23641394470654 28.577548774948756
77.1439024713381 28.741553290043694
76.91534907727826 28.46261756144032
77.30046296117749 28.785905565675453
77.01118686583553 28.07189760083434
76.88933737579187 28.977183938481996
77.15276357403891 28.91416272975282
77.25614922125881 28.161265986615206
77.077924737324 28.007922425963898
77.24580460687292 28.55504444807956
77.24205192223639 28.413861670269682
77.26496530396813 28.805431422024416
76.84279057844113 28.17386622496062
77.17270929788837 28.010869208548037
77.30132805836874 28.514641281342584
76.9909300559769 28.409498483575085
77.19719635474017 28.356653838330356
77.17515921002662 28.09745596816369
77.2503004151574 28.02601422042496
76.8593421410922 28.800574273053805
76.8424589108719 28.877810338927457
77.32731426856436 28.50534574789707
77.00176316912524 28.72669741900132
77.27040499264007 28.277579394192585
77.0442212089205 28.232510912249975
77.2668391333984 28.97928849233032
77.03081802467277 28.070482196550294
77.16756381297405 28.904764524171338
77.12867136639503 28.568026939194947
76.98412723459352 28.109558761991536
77.24760919357728 28.894366456018652
77.27236331004778 28.990168130621
77.25835443837272 28.03770875640746
77.27398144206201 28.842629249387347
76.9715885754047 28.790129067556546
77.14195104847313 28.577364808895823
76.90990250174758 28.054892195229467
77.27402259741005 28.22966137649363
77.10225298423074 28.17443302098344
77.00248332471243 28.61771759224404
76.8896854574583 28.009749806372255
77.14158056552608 28.867536734662124
